0,439
0,431
0,428
0,423
0,417
0,555
0,552
0,551
0,548
0,547
0,546
0,542
0,538
0,533
0,532
0,527
0,519
0,517
0,516
0,506
0,505
0,504
0,503
0,502
0,500
0,499
0,482
0,480
0,479
0,478
0,477
0,476
0,471
0,469
0,461
0,460
0,459
0,451
0,450
0,449
0,448
3,2
3,1
3,3
10,126
10,280
10,125
10,247
10,304
10,87
10,315
10,1
10,117
10,2
10,3
11,5
11,26
11,14
11,15
11,13
11,4
11,11
11,1
11,22
11,2
11,3
9,7
9,4
9,1
9,6
9,2
9,3
8,14
8,4
8,5
8,9
8,7
8,12
8,1
8,15
8,2
8,3
12,2
12,1
12,3
20,2
20,1
20,3
19,2
19,1
19,3
98,5
98,4
98,3
18,1
98,2
98,1
18,3
98,0
96,6
96,5
96,4
96,3
14,1
96,2
96,1
14,3
96,0
13,1
95,3
95,2
13,3
95,1
95,0
94,3
94,2
94,1
94,0
93,5
93,4
93,3
93,2
